This is a cache of all of the repositories I own, have contributed to, or am a member of.

repository (hashed)  total commits  my commits  LOC added by me  LOC deleted by me
         \                \                \           \_____________  \
          \                \                \______________________  \  \
           \                \___________________________________   \  \  \
____________\___________________________________________________\___\__\__\_______
9971c21c8f4015a86bf3fa01459faa945573758c79c5489cef633407114e1d1f 6 5 14 5
76ffd5d9a893814cdda38c446d3b09a3fafa40e52c6ef599d56cac96dc8f7216 6 6 14 0
a5e66c748ba611e79ac651cb28a3c68064befada6b026a3b944dbc209d180071 10 10 154 0
726abe41346f208ef8c9b01de445e58d3ea6d78988590de063e19fb5ef16ba70 1 1 2 0
cfebbd4208980c112d5c108cfdee7a1c10c3ef6a833f4ad24b3d0f2941f965b1 2 2 57 0
2d55a744b724e8191ef42326182e9ccaafee7b9ee8bc0ae50d5c54caf13b14c5 3 3 1 1
741a41ed6ee0af0dca3b4ce920e1be08bbc6e464daeddf87a3f2f6fb2bd28e2c 7 7 133 47
b5ff2885d30a28ebbf4b2b94f5971fe0dc74192fe746a629f36c7ec0946e28e6 17 13 460 784
6fba92bcec1285139066d2f7470dc4bbc3cc64fe4178e68b1ee4834fb427ecc4 6 6 1006 39
653da0678249aed8cf7a93172305cd72c6823a7ba6e78d8d3faa1c9787457311 7 7 2646 6
f618a6563c33624b51fb228321230cde4af17948b2d65a7e754de96591b1a872 1 1 941 0
58124afe0cf6c16c4cf90f92b811e6c28a9be9be8f10032a1376039a625230be 10 10 382 15
9198500625b6062f5adf64bddab1428e63da44d07dbef59fdecdb08c901fe5d8 36 36 3622 1015
6240ad7c40fa23354b33b2f513224ff38269afd02ed47bc642254a1e9265b1ec 34 34 5653 4570
81fcdef0a080c0770d1eab3f03702f446ca9ca7597898d89c243fac49e98fbd5 11 11 414 26
a26aa6a7c8c042505b837355e72734b79731c08622085a22b30d064a5e372ded 61 56 2698 962
c869c7d709c75d8a293522b7e825152701574b89b01fe0c14417806aff09f7af 30 23 1482 373
1c0be8f891c4bc17e85bdc9afbec47f9bdddfb8d5086ce999c1c2d6dba0897df 6 6 7481 1448
4bcd7c65438e3d9a5c65f24855f43c100b370df5ebe52801edf4189a6fc356e8 9 9 56 2
61c598253500fa56528793e4034eb26e8232a0ab8b4da56628ac462fe6302ac7 510 24 4659 3222
0ecff249f1bbf354a7c4902df50a2f3d4c4cc294a2b4e7ae69e9f55d79710d8d 14 13 2764 177
1d53d4f790748d8978ab705e75c36fe83e84dd97fe770e27d429ab524504d626 16 16 2333 86
e060fb6b4b7b5065d84debd686e30cfb6558338b9d8baacd5f684d7870e8e306 271 270 115677 4795
d0ea3faeea77a378a015aa431ff9a8c4ced5ed1a40cf20733aedbfa8f07b43e4 6 6 4004 895
de558d7ad6069e389915e036ed490bddba45c9a4a2aa596fc1122b066e9888f4 1 1 47 0
56a85cbc806dc57ce25fb219aaafe3d4f7700060f3888bbaeba51082bb740ddf 1 1 619 0
404846bd1df0b27b895fb9e1c5a0499ff168c816e03ae2ae354f7933eaa2093e 4 4 2762 298
1b958a9eceebcaf667417d7f01c437c826c2f2e9bcba51b696020a36323d6b8a 2 2 1793 12
54bfa38628ac14bcad48c131e5de7c26b9f2d75ea6a7a63c1c90c8428e433017 9 9 843 14
f53c03a61f821955f70d26a12190d496448cdbeac8c2c22657086531be59a786 3 3 2607 158
6b70c84fbd21d860e6413621e26f30b0cbb5eec46b0bbf637e3a5638f78aa0dd 1 1 1231 0
45f6558513b2fc4cef56a01bcf1200d424f82ce8e38dc13ebd256958b305f5e0 20 20 2071 472
644c3671560169e9b5be73cc3005350a87a4bde2eabd219d08b20097ecd28663 9 9 4362 1296
b2fa2bd77588ceebaa276509b35c16b1d18d10f6c07e5ea190c8a99327135c36 3 3 1381 60
e1679d7c8f0de2b8b07595e2332bf706818d53b7ef47954e8f0213d905d481e2 13 0 0 0
c9ac01c685fc9026edc8745475429638986beab51e7b7be5da08e97ad6ab067c 11 0 0 0
d27eb76136f2c9ec989afb4217ded7a174b5ba6fd6c7a349485132149494322d 7 7 2400 228
1f72ca56595f953e3fd3fd5945bb088453fa46fa2846e5b57a059bb54d9e2448 2 2 459 2
7db9ee1cc20684d59e5979dbb8ba1d16d154e7e71d65b1a91236039af96a2d49 31 30 12247 1609
c85b441c0a13d0c60a8f0a8fb728921bc1ae56569d76b13d37292153ded20e2b 251 251 271 4
a25c337ef07c7d8603cbdc0a2ec93b9da2b672ae78ce6c2f388238cb5ca77cf8 9 9 4789 1
d2cb9cf8c5df3836bff428441e3328397b68b08c3b1f92ac6a0bb28068e4d116 1 1 1791 0
0e398686e9ea9837ea1e28406842a76188f27eaab215a03ffc43240ba6fff42a 37 37 10084 5284
1d0917a32f6e9b7b56365acc969da736c10a9d96071a595c5c90f6a0290cbc88 22 22 23989 355
65d5e180d6c21228af88d1abc31de4b51441149d06add3dd784e8640fdf36f77 3 3 2531 66
0ae17c1c4df3a47758fb2287aae79af1524c814b33fcf3436a2d2e7eb370e5f5 5 5 579 30
ee17361b782aa3f9ee2eae4f150fa5548f84b453ec461a6434d2a2631fa3ab02 3 3 4337 64
3490afbfaba13db0545be2ff4ee6f00205e4800b6699c86360e5c3e383bce268 16 1 0 5
96db90688bd1b8fb0a6f2a5cc803efa3a26fb9caaf10eb02b4fda03647e39c4d 11 8 1360 249
0812cc8a80223cf1bf446540733e3e376a17c1e5fc1663d73920ea927684908b 13 13 112106 100430
e2437bb6222bdd97afc3eb96a976ca2278a12fdbf32fe43900074af10465f68f 17 17 9839 9455
5d6f49ec2cb665f410612f7d2573431cb09dea504040a01615cdd16634adabf6 125 125 2266 99
1fd926b3b819216874e5b3273bcd5762470dcb2ef2c724ea9eb93333db6f7e13 9 9 9671 120
a4e9115944d735031709f0914010354bc50e67dca26a054a46e68fe5221eaf0d 10 10 7164 2547
05f920677cbb7f48c522acf9a0230918428392c8e7958dad709dbffb9ef1e5d6 49 49 16859 3757
69b5071cd8b6c4eb212096883625d1eb30f3fb21e54dc56378a6189ca5e62ac9 1 1 494 0
1f85584959318b231c75eed06adcd09943bc34295f998ebc32968bda22650c48 4 4 106 19
fda536bca1d1dc799a191204b2ab6150ea5429f644a9ff191e5ec32f5e8e9828 58 58 22416 3917
fb36e75f3458bc77b297336b45c165260d770529bec44715d2c02a0885653cea 1 1 867 0
129935ab7689cc6b58353a3d62deb8d513e6f9047ab5f4bc6ed7b125ae120952 43 43 48744 12254
b43a6672a8292bd0db92845dfcf5e1da760d575391dcb246ef5a5f97c3b18281 8 0 0 0
19d5f6d970d4bef2058c13a9c833bfff553d7dafccf87c8b55f870a15e649a9b 0 0 0 0
9774b7493108c139d2be102ab9e9f3643024489c06d55976f639488f41c9f379 399 7 38 32
98ec3159c9adb8e358bde5c1510925483743ed713edb236f08c5388892485426 1 1 3309 0
d3e69fbc17c53706aef74499d8e4cc927b5236980fb3b49924cd209d1f54b001 1214 1 101 4
edf32215f8f247629a2531942a32c31172ae3883077a96fbb310424070947cc7 64 1 1 1
eee81490ad47423c283ebeded29cdf74b675934bcd3ff084ad213756b001a716 1 1 1270 0
4c7b9bf37754604a6d1a481c117f660f0f6be16841a9a399b32d4334499ac081 8 8 19520 1006
4dd9c408c5a04af799602fe4a02fa9f6d81f8ad81f9240718f41a44e807d9648 15 15 3624 198
933d56a28fe47275dac0388da7d4454110dafcdcdc5c0392c5f9f26c294784d7 19206 91 3305 2013
19f191b3a2041660b6cf1059976e0d7d7c537805204afec14902bc7c5ccf3188 1 1 96958 0
f923e28c0f7ad284b04a01ef8878c90932049bd626f82cbbed3337fe24d2773c 7 7 2917 60
e14b3f63c12bd4434dc5cb6d2fa9ac25f2f4cd5bd34e7f2995c3c3ca12a0ef16 1 1 3124 0
899f213de6390669a2e1e957983b10d8357d276dc2954a5ab2073d7d3a061696 3 3 1527 2
55fdfdbbcd4c254e5a7e983d204c8d5792085564e0f20984639809e1c5eec0fa 6 6 15738 298
ed04d361afeb136679ecba1ee9debb0fc1d17ef6d2559e3ef508079d09c83de7 4 4 4319 17
20e9223e09fcf2e4a3d98715e99bdea946b0fa63fcbd23a318cdc31fcb8d2489 22 22 18638 523
0a24291594c359fb82165a28be591c7596855a39637d056dbf7a68897835116e 2 2 12311 7
d2375120b54a9981cf51a4d17573ce332a3478ccc4c8d7f960a1cf665f3e211f 76 76 53443 8072
37152d4979e3f35cbac836b8702a681196323184c00a3e8c706498d01ed7667b 2 2 2787 0
f46460d949929ca4b3898e9fb18df5bb8f647e54b8a3d94173dbe38874f79409 68 6 1676 435
ecd8fde41a8ca1edd92b481297588ce79f6c6bcb9bc193685e1a32377965f506 5 5 4551 73
ae4928892eb4c2408d23a2597ae8b797090d91d833e60193b4183e44bb45691c 2 2 3959 18
753b7b4ce0f8bb1edd5245f72ad640547df459dde0e21318ede87b6334d7a27c 1 1 1631 0
7196b8caf8f83acafb7856d63861237c273fd88b7c821ebd501a9eaf3e85a231 1 1 3122 0
