     010101011100101
    01010101  11001010
   10101010    10101010
  11001100      00110011
 10101010        10101010
11001010          01010011
10101010          10101010
 10101010        10101010
  01010101      01010101
   10101010    10101010
    01010101  01010101
     10101010 10101010
      01010101 01010101
       10101010 10101010
        01010101 01010101
         10101010 10101010
          01010101 01010101
           10101010 10101010
            01010101 01010101
             10101010 10101010
              01010101 01010101
               10101010 10101010
                01010101 01010101
                 10101010 10101010
                  01010101 01010101